"tick","Human Count","Zombie Count"
1.0,195,10
2.0,195,10
3.0,194,11
4.0,194,11
5.0,194,11
6.0,194,11
7.0,193,12
8.0,193,12
9.0,192,13
10.0,192,13
11.0,188,17
12.0,186,19
13.0,185,20
14.0,185,20
15.0,185,20
16.0,185,20
17.0,184,21
18.0,184,21
19.0,183,22
20.0,183,22
21.0,183,22
22.0,182,23
23.0,181,24
24.0,180,25
25.0,180,25
26.0,176,29
27.0,175,30
28.0,174,31
29.0,172,33
30.0,172,33
31.0,171,34
32.0,171,34
33.0,169,36
34.0,168,37
35.0,168,37
36.0,168,37
37.0,166,39
38.0,165,40
39.0,164,41
40.0,164,41
41.0,163,42
42.0,161,44
43.0,161,44
44.0,158,47
45.0,158,47
46.0,157,48
47.0,156,49
48.0,156,49
49.0,156,49
50.0,156,49
51.0,154,51
52.0,154,51
53.0,154,51
54.0,154,51
55.0,153,52
56.0,153,52
57.0,152,53
58.0,151,54
59.0,149,56
60.0,148,57
61.0,148,57
62.0,148,57
63.0,147,58
64.0,145,60
65.0,144,61
66.0,142,63
67.0,140,65
68.0,139,66
69.0,138,67
70.0,137,68
71.0,137,68
72.0,137,68
73.0,136,69
74.0,134,71
75.0,133,72
76.0,132,73
77.0,129,76
78.0,128,77
79.0,127,78
80.0,125,80
81.0,124,81
82.0,123,82
83.0,122,83
84.0,122,83
85.0,121,84
86.0,121,84
87.0,118,87
88.0,114,91
89.0,113,92
90.0,113,92
91.0,109,96
92.0,106,99
93.0,103,102
94.0,102,103
95.0,102,103
96.0,101,104
97.0,101,104
98.0,101,104
99.0,100,105
100.0,100,105
101.0,100,105
102.0,98,107
103.0,93,112
104.0,91,114
105.0,89,116
106.0,88,117
107.0,82,123
108.0,80,125
109.0,78,127
110.0,77,128
111.0,75,130
112.0,72,133
113.0,70,135
114.0,69,136
115.0,69,136
116.0,65,140
117.0,62,143
118.0,61,144
119.0,61,144
120.0,60,145
121.0,58,147
122.0,57,148
123.0,56,149
124.0,52,153
125.0,51,154
126.0,50,155
127.0,49,156
128.0,48,157
129.0,46,159
130.0,46,159
131.0,46,159
132.0,45,160
133.0,42,163
134.0,42,163
135.0,39,166
136.0,36,169
137.0,35,170
138.0,34,171
139.0,32,173
140.0,31,174
141.0,29,176
142.0,28,177
143.0,26,179
144.0,26,179
145.0,26,179
146.0,24,181
147.0,22,183
148.0,20,185
149.0,18,187
150.0,18,187
151.0,16,189
152.0,16,189
153.0,16,189
154.0,16,189
155.0,15,190
156.0,15,190
157.0,15,190
158.0,14,191
159.0,13,192
160.0,13,192
161.0,11,194
162.0,11,194
163.0,11,194
164.0,11,194
165.0,11,194
166.0,11,194
167.0,11,194
168.0,10,195
169.0,9,196
170.0,9,196
171.0,7,198
172.0,7,198
173.0,7,198
174.0,6,199
175.0,5,200
176.0,4,201
177.0,4,201
178.0,4,201
179.0,4,201
180.0,3,202
181.0,3,202
182.0,3,202
183.0,3,202
184.0,3,202
185.0,3,202
186.0,3,202
187.0,3,202
188.0,3,202
189.0,2,203
190.0,2,203
191.0,2,203
192.0,2,203
193.0,2,203
194.0,2,203
195.0,2,203
196.0,2,203
197.0,2,203
198.0,2,203
199.0,2,203
200.0,2,203
201.0,2,203
202.0,2,203
203.0,2,203
204.0,2,203
205.0,2,203
206.0,2,203
207.0,2,203
208.0,2,203
209.0,2,203
210.0,2,203
211.0,2,203
212.0,2,203
213.0,2,203
214.0,2,203
215.0,2,203
216.0,2,203
217.0,2,203
218.0,1,204
219.0,1,204
220.0,1,204
221.0,1,204
222.0,1,204
223.0,1,204
224.0,1,204
225.0,1,204
226.0,1,204
227.0,1,204
228.0,1,204
229.0,1,204
230.0,1,204
231.0,1,204
232.0,1,204
233.0,1,204
234.0,1,204
235.0,1,204
236.0,0,205
237.0,0,205
238.0,0,205
239.0,0,205
240.0,0,205
241.0,0,205
242.0,0,205
243.0,0,205
244.0,0,205
245.0,0,205
246.0,0,205
247.0,0,205
248.0,0,205
249.0,0,205
250.0,0,205
251.0,0,205
252.0,0,205
253.0,0,205
254.0,0,205
255.0,0,205
256.0,0,205
257.0,0,205
258.0,0,205
259.0,0,205
260.0,0,205
261.0,0,205
262.0,0,205
263.0,0,205
264.0,0,205
265.0,0,205
266.0,0,205
267.0,0,205
268.0,0,205
269.0,0,205
270.0,0,205
271.0,0,205
272.0,0,205
273.0,0,205
274.0,0,205
275.0,0,205
276.0,0,205
277.0,0,205
278.0,0,205
279.0,0,205
280.0,0,205
281.0,0,205
282.0,0,205
283.0,0,205
284.0,0,205
285.0,0,205
286.0,0,205
287.0,0,205
288.0,0,205
289.0,0,205
290.0,0,205
291.0,0,205
292.0,0,205
293.0,0,205
294.0,0,205
295.0,0,205
296.0,0,205
297.0,0,205
298.0,0,205
299.0,0,205
300.0,0,205
301.0,0,205
302.0,0,205
303.0,0,205
304.0,0,205
305.0,0,205
306.0,0,205
307.0,0,205
308.0,0,205
309.0,0,205
310.0,0,205
311.0,0,205
312.0,0,205
313.0,0,205
314.0,0,205
315.0,0,205
316.0,0,205
317.0,0,205
318.0,0,205
319.0,0,205
320.0,0,205
321.0,0,205
322.0,0,205
323.0,0,205
324.0,0,205
325.0,0,205
326.0,0,205
327.0,0,205
328.0,0,205
329.0,0,205
330.0,0,205
331.0,0,205
332.0,0,205
333.0,0,205
334.0,0,205
335.0,0,205
336.0,0,205
337.0,0,205
338.0,0,205
339.0,0,205
340.0,0,205
341.0,0,205
342.0,0,205
343.0,0,205
344.0,0,205
345.0,0,205
346.0,0,205
347.0,0,205
348.0,0,205
349.0,0,205
350.0,0,205
351.0,0,205
352.0,0,205
353.0,0,205
354.0,0,205
355.0,0,205
356.0,0,205
357.0,0,205
358.0,0,205
359.0,0,205
360.0,0,205
361.0,0,205
362.0,0,205
363.0,0,205
364.0,0,205
365.0,0,205
366.0,0,205
367.0,0,205
368.0,0,205
369.0,0,205
370.0,0,205
371.0,0,205
372.0,0,205
373.0,0,205
374.0,0,205
375.0,0,205
376.0,0,205
377.0,0,205
378.0,0,205
379.0,0,205
380.0,0,205
381.0,0,205
382.0,0,205
383.0,0,205
384.0,0,205
385.0,0,205
386.0,0,205
387.0,0,205
388.0,0,205
389.0,0,205
390.0,0,205
391.0,0,205
392.0,0,205
393.0,0,205
394.0,0,205
395.0,0,205
396.0,0,205
397.0,0,205
398.0,0,205
399.0,0,205
400.0,0,205
401.0,0,205
402.0,0,205
403.0,0,205
404.0,0,205
405.0,0,205
406.0,0,205
407.0,0,205
408.0,0,205
409.0,0,205
410.0,0,205
411.0,0,205
412.0,0,205
413.0,0,205
414.0,0,205
415.0,0,205
416.0,0,205
417.0,0,205
418.0,0,205
419.0,0,205
420.0,0,205
421.0,0,205
422.0,0,205
423.0,0,205
424.0,0,205
425.0,0,205
426.0,0,205
427.0,0,205
428.0,0,205
429.0,0,205
430.0,0,205
431.0,0,205
432.0,0,205
433.0,0,205
434.0,0,205
435.0,0,205
436.0,0,205
437.0,0,205
438.0,0,205
439.0,0,205
440.0,0,205
441.0,0,205
442.0,0,205
443.0,0,205
444.0,0,205
445.0,0,205
446.0,0,205
447.0,0,205
448.0,0,205
449.0,0,205
450.0,0,205
451.0,0,205
452.0,0,205
453.0,0,205
454.0,0,205
455.0,0,205
456.0,0,205
457.0,0,205
458.0,0,205
459.0,0,205
460.0,0,205
461.0,0,205
462.0,0,205
463.0,0,205
464.0,0,205
465.0,0,205
466.0,0,205
467.0,0,205
468.0,0,205
469.0,0,205
470.0,0,205
471.0,0,205
472.0,0,205
473.0,0,205
474.0,0,205
475.0,0,205
476.0,0,205
477.0,0,205
478.0,0,205
479.0,0,205
480.0,0,205
481.0,0,205
482.0,0,205
483.0,0,205
484.0,0,205
485.0,0,205
486.0,0,205
487.0,0,205
488.0,0,205
489.0,0,205
490.0,0,205
491.0,0,205
492.0,0,205
493.0,0,205
494.0,0,205
495.0,0,205
496.0,0,205
497.0,0,205
498.0,0,205
499.0,0,205
500.0,0,205
501.0,0,205
502.0,0,205
503.0,0,205
504.0,0,205
505.0,0,205
506.0,0,205
507.0,0,205
508.0,0,205
509.0,0,205
510.0,0,205
511.0,0,205
512.0,0,205
513.0,0,205
514.0,0,205
515.0,0,205
516.0,0,205
517.0,0,205
518.0,0,205
519.0,0,205
520.0,0,205
521.0,0,205
522.0,0,205
523.0,0,205
524.0,0,205
525.0,0,205
526.0,0,205
527.0,0,205
528.0,0,205
529.0,0,205
530.0,0,205
531.0,0,205
532.0,0,205
533.0,0,205
534.0,0,205
535.0,0,205
536.0,0,205
537.0,0,205
538.0,0,205
539.0,0,205
540.0,0,205
541.0,0,205
542.0,0,205
543.0,0,205
544.0,0,205
545.0,0,205
546.0,0,205
547.0,0,205
548.0,0,205
549.0,0,205
550.0,0,205
551.0,0,205
552.0,0,205
553.0,0,205
554.0,0,205
555.0,0,205
556.0,0,205
557.0,0,205
558.0,0,205
559.0,0,205
560.0,0,205
561.0,0,205
562.0,0,205
563.0,0,205
564.0,0,205
565.0,0,205
566.0,0,205
567.0,0,205
568.0,0,205
569.0,0,205
570.0,0,205
571.0,0,205
572.0,0,205
573.0,0,205
574.0,0,205
575.0,0,205
576.0,0,205
577.0,0,205
578.0,0,205
579.0,0,205
580.0,0,205
581.0,0,205
582.0,0,205
583.0,0,205
584.0,0,205
585.0,0,205
586.0,0,205
587.0,0,205
588.0,0,205
589.0,0,205
590.0,0,205
591.0,0,205
592.0,0,205
593.0,0,205
594.0,0,205
595.0,0,205
596.0,0,205
597.0,0,205
598.0,0,205
599.0,0,205
600.0,0,205
601.0,0,205
602.0,0,205
603.0,0,205
604.0,0,205
605.0,0,205
606.0,0,205
607.0,0,205
608.0,0,205
609.0,0,205
610.0,0,205
611.0,0,205
612.0,0,205
613.0,0,205
614.0,0,205
615.0,0,205
616.0,0,205
617.0,0,205
618.0,0,205
619.0,0,205
620.0,0,205
621.0,0,205
622.0,0,205
623.0,0,205
624.0,0,205
625.0,0,205
626.0,0,205
627.0,0,205
628.0,0,205
629.0,0,205
630.0,0,205
631.0,0,205
632.0,0,205
633.0,0,205
634.0,0,205
635.0,0,205
636.0,0,205
637.0,0,205
638.0,0,205
639.0,0,205
640.0,0,205
641.0,0,205
642.0,0,205
643.0,0,205
644.0,0,205
645.0,0,205
646.0,0,205
647.0,0,205
648.0,0,205
649.0,0,205
650.0,0,205
651.0,0,205
652.0,0,205
653.0,0,205
654.0,0,205
655.0,0,205
656.0,0,205
657.0,0,205
658.0,0,205
659.0,0,205
660.0,0,205
661.0,0,205
662.0,0,205
663.0,0,205
664.0,0,205
665.0,0,205
666.0,0,205
667.0,0,205
668.0,0,205
669.0,0,205
670.0,0,205
671.0,0,205
672.0,0,205
673.0,0,205
674.0,0,205
675.0,0,205
676.0,0,205
677.0,0,205
678.0,0,205
679.0,0,205
680.0,0,205
681.0,0,205
682.0,0,205
683.0,0,205
684.0,0,205
685.0,0,205
686.0,0,205
687.0,0,205
688.0,0,205
689.0,0,205
690.0,0,205
691.0,0,205
692.0,0,205
693.0,0,205
694.0,0,205
695.0,0,205
696.0,0,205
697.0,0,205
698.0,0,205
699.0,0,205
700.0,0,205
701.0,0,205
702.0,0,205
703.0,0,205
704.0,0,205
705.0,0,205
706.0,0,205
707.0,0,205
708.0,0,205
709.0,0,205
710.0,0,205
711.0,0,205
712.0,0,205
713.0,0,205
714.0,0,205
715.0,0,205
716.0,0,205
717.0,0,205
718.0,0,205
719.0,0,205
720.0,0,205
721.0,0,205
722.0,0,205
723.0,0,205
724.0,0,205
725.0,0,205
726.0,0,205
727.0,0,205
728.0,0,205
729.0,0,205
730.0,0,205
731.0,0,205
732.0,0,205
733.0,0,205
734.0,0,205
735.0,0,205
736.0,0,205
737.0,0,205
738.0,0,205
739.0,0,205
740.0,0,205
741.0,0,205
742.0,0,205
743.0,0,205
744.0,0,205
745.0,0,205
746.0,0,205
747.0,0,205
748.0,0,205
749.0,0,205
750.0,0,205
751.0,0,205
752.0,0,205
753.0,0,205
754.0,0,205
755.0,0,205
756.0,0,205
757.0,0,205
758.0,0,205
759.0,0,205
760.0,0,205
761.0,0,205
762.0,0,205
763.0,0,205
764.0,0,205
765.0,0,205
766.0,0,205
767.0,0,205
768.0,0,205
769.0,0,205
770.0,0,205
771.0,0,205
772.0,0,205
773.0,0,205
774.0,0,205
775.0,0,205
776.0,0,205
777.0,0,205
778.0,0,205
779.0,0,205
780.0,0,205
781.0,0,205
782.0,0,205
783.0,0,205
784.0,0,205
785.0,0,205
786.0,0,205
787.0,0,205
788.0,0,205
789.0,0,205
790.0,0,205
791.0,0,205
792.0,0,205
793.0,0,205
794.0,0,205
795.0,0,205
796.0,0,205
797.0,0,205
798.0,0,205
799.0,0,205
800.0,0,205
801.0,0,205
802.0,0,205
803.0,0,205
804.0,0,205
805.0,0,205
806.0,0,205
807.0,0,205
808.0,0,205
809.0,0,205
810.0,0,205
811.0,0,205
812.0,0,205
813.0,0,205
814.0,0,205
815.0,0,205
816.0,0,205
817.0,0,205
818.0,0,205
819.0,0,205
820.0,0,205
821.0,0,205
822.0,0,205
823.0,0,205
824.0,0,205
825.0,0,205
826.0,0,205
827.0,0,205
828.0,0,205
829.0,0,205
830.0,0,205
831.0,0,205
832.0,0,205
833.0,0,205
834.0,0,205
835.0,0,205
836.0,0,205
837.0,0,205
838.0,0,205
839.0,0,205
840.0,0,205
841.0,0,205
842.0,0,205
843.0,0,205
844.0,0,205
845.0,0,205
846.0,0,205
847.0,0,205
848.0,0,205
849.0,0,205
850.0,0,205
851.0,0,205
852.0,0,205
853.0,0,205
854.0,0,205
855.0,0,205
856.0,0,205
857.0,0,205
858.0,0,205
859.0,0,205
860.0,0,205
861.0,0,205
862.0,0,205
863.0,0,205
864.0,0,205
865.0,0,205
866.0,0,205
867.0,0,205
868.0,0,205
869.0,0,205
870.0,0,205
871.0,0,205
872.0,0,205
873.0,0,205
874.0,0,205
875.0,0,205
876.0,0,205
877.0,0,205
878.0,0,205
879.0,0,205
880.0,0,205
881.0,0,205
882.0,0,205
883.0,0,205
884.0,0,205
885.0,0,205
886.0,0,205
887.0,0,205
888.0,0,205
889.0,0,205
890.0,0,205
891.0,0,205
892.0,0,205
893.0,0,205
894.0,0,205
895.0,0,205
896.0,0,205
897.0,0,205
898.0,0,205
899.0,0,205
900.0,0,205
901.0,0,205
902.0,0,205
903.0,0,205
904.0,0,205
905.0,0,205
906.0,0,205
907.0,0,205
908.0,0,205
909.0,0,205
910.0,0,205
911.0,0,205
912.0,0,205
913.0,0,205
914.0,0,205
915.0,0,205
916.0,0,205
917.0,0,205
918.0,0,205
919.0,0,205
920.0,0,205
921.0,0,205
922.0,0,205
923.0,0,205
924.0,0,205
925.0,0,205
926.0,0,205
927.0,0,205
928.0,0,205
929.0,0,205
930.0,0,205
931.0,0,205
932.0,0,205
933.0,0,205
934.0,0,205
935.0,0,205
936.0,0,205
937.0,0,205
938.0,0,205
939.0,0,205
940.0,0,205
941.0,0,205
942.0,0,205
943.0,0,205
944.0,0,205
945.0,0,205
946.0,0,205
947.0,0,205
948.0,0,205
949.0,0,205
950.0,0,205
951.0,0,205
952.0,0,205
953.0,0,205
954.0,0,205
955.0,0,205
956.0,0,205
957.0,0,205
958.0,0,205
959.0,0,205
960.0,0,205
961.0,0,205
962.0,0,205
963.0,0,205
964.0,0,205
965.0,0,205
966.0,0,205
967.0,0,205
968.0,0,205
969.0,0,205
970.0,0,205
971.0,0,205
972.0,0,205
973.0,0,205
974.0,0,205
975.0,0,205
976.0,0,205
977.0,0,205
978.0,0,205
979.0,0,205
980.0,0,205
981.0,0,205
982.0,0,205
983.0,0,205
984.0,0,205
985.0,0,205
986.0,0,205
987.0,0,205
988.0,0,205
989.0,0,205
990.0,0,205
991.0,0,205
992.0,0,205
993.0,0,205
994.0,0,205
995.0,0,205
996.0,0,205
997.0,0,205
998.0,0,205
999.0,0,205
1000.0,0,205
1001.0,0,205
1002.0,0,205
1003.0,0,205
1004.0,0,205
1005.0,0,205
1006.0,0,205
1007.0,0,205
1008.0,0,205
1009.0,0,205
1010.0,0,205
1011.0,0,205
1012.0,0,205
1013.0,0,205
1014.0,0,205
1015.0,0,205
1016.0,0,205
1017.0,0,205
1018.0,0,205
1019.0,0,205
1020.0,0,205
1021.0,0,205
1022.0,0,205
1023.0,0,205
1024.0,0,205
1025.0,0,205
1026.0,0,205
1027.0,0,205
1028.0,0,205
1029.0,0,205
1030.0,0,205
1031.0,0,205
1032.0,0,205
1033.0,0,205
1034.0,0,205
1035.0,0,205
1036.0,0,205
1037.0,0,205
1038.0,0,205
1039.0,0,205
1040.0,0,205
1041.0,0,205
1042.0,0,205
1043.0,0,205
1044.0,0,205
1045.0,0,205
1046.0,0,205
1047.0,0,205
1048.0,0,205
1049.0,0,205
1050.0,0,205
1051.0,0,205
1052.0,0,205
1053.0,0,205
1054.0,0,205
1055.0,0,205
1056.0,0,205
1057.0,0,205
1058.0,0,205
1059.0,0,205
1060.0,0,205
1061.0,0,205
1062.0,0,205
1063.0,0,205
1064.0,0,205
1065.0,0,205
1066.0,0,205
1067.0,0,205
1068.0,0,205
1069.0,0,205
1070.0,0,205
1071.0,0,205
1072.0,0,205
1073.0,0,205
1074.0,0,205
1075.0,0,205
1076.0,0,205
1077.0,0,205
1078.0,0,205
1079.0,0,205
1080.0,0,205
1081.0,0,205
1082.0,0,205
1083.0,0,205
1084.0,0,205
1085.0,0,205
1086.0,0,205
1087.0,0,205
1088.0,0,205
1089.0,0,205
1090.0,0,205
1091.0,0,205
1092.0,0,205
1093.0,0,205
1094.0,0,205
1095.0,0,205
1096.0,0,205
1097.0,0,205
1098.0,0,205
1099.0,0,205
1100.0,0,205
1101.0,0,205
1102.0,0,205
1103.0,0,205
1104.0,0,205
1105.0,0,205
1106.0,0,205
1107.0,0,205
1108.0,0,205
1109.0,0,205
1110.0,0,205
1111.0,0,205
1112.0,0,205
1113.0,0,205
1114.0,0,205
1115.0,0,205
1116.0,0,205
1117.0,0,205
1118.0,0,205
1119.0,0,205
1120.0,0,205
1121.0,0,205
1122.0,0,205
1123.0,0,205
1124.0,0,205
1125.0,0,205
1126.0,0,205
1127.0,0,205
1128.0,0,205
1129.0,0,205
1130.0,0,205
1131.0,0,205
1132.0,0,205
1133.0,0,205
1134.0,0,205
1135.0,0,205
1136.0,0,205
1137.0,0,205
1138.0,0,205
1139.0,0,205
1140.0,0,205
1141.0,0,205
1142.0,0,205
1143.0,0,205
1144.0,0,205
1145.0,0,205
1146.0,0,205
1147.0,0,205
1148.0,0,205
1149.0,0,205
1150.0,0,205
1151.0,0,205
1152.0,0,205
1153.0,0,205
1154.0,0,205
1155.0,0,205
1156.0,0,205
1157.0,0,205
1158.0,0,205
1159.0,0,205
1160.0,0,205
1161.0,0,205
1162.0,0,205
1163.0,0,205
1164.0,0,205
1165.0,0,205
1166.0,0,205
1167.0,0,205
1168.0,0,205
1169.0,0,205
1170.0,0,205
1171.0,0,205
1172.0,0,205
1173.0,0,205
1174.0,0,205
1175.0,0,205
1176.0,0,205
1177.0,0,205
1178.0,0,205
1179.0,0,205
1180.0,0,205
1181.0,0,205
1182.0,0,205
1183.0,0,205
1184.0,0,205
1185.0,0,205
1186.0,0,205
1187.0,0,205
1188.0,0,205
1189.0,0,205
1190.0,0,205
1191.0,0,205
1192.0,0,205
1193.0,0,205
1194.0,0,205
1195.0,0,205
1196.0,0,205
1197.0,0,205
1198.0,0,205
1199.0,0,205
1200.0,0,205
1201.0,0,205
1202.0,0,205
1203.0,0,205
1204.0,0,205
1205.0,0,205
1206.0,0,205
1207.0,0,205
1208.0,0,205
1209.0,0,205
1210.0,0,205
1211.0,0,205
1212.0,0,205
1213.0,0,205
1214.0,0,205
1215.0,0,205
1216.0,0,205
1217.0,0,205
1218.0,0,205
1219.0,0,205
1220.0,0,205
1221.0,0,205
1222.0,0,205
1223.0,0,205
1224.0,0,205
1225.0,0,205
1226.0,0,205
1227.0,0,205
1228.0,0,205
1229.0,0,205
1230.0,0,205
1231.0,0,205
1232.0,0,205
1233.0,0,205
1234.0,0,205
1235.0,0,205
1236.0,0,205
1237.0,0,205
1238.0,0,205
1239.0,0,205
1240.0,0,205
1241.0,0,205
1242.0,0,205
1243.0,0,205
1244.0,0,205
1245.0,0,205
1246.0,0,205
1247.0,0,205
1248.0,0,205
1249.0,0,205
1250.0,0,205
1251.0,0,205
1252.0,0,205
1253.0,0,205
1254.0,0,205
1255.0,0,205
1256.0,0,205
1257.0,0,205
1258.0,0,205
1259.0,0,205
1260.0,0,205
1261.0,0,205
1262.0,0,205
1263.0,0,205
1264.0,0,205
1265.0,0,205
1266.0,0,205
1267.0,0,205
1268.0,0,205
1269.0,0,205
1270.0,0,205
1271.0,0,205
1272.0,0,205
1273.0,0,205
1274.0,0,205
1275.0,0,205
1276.0,0,205
1277.0,0,205
1278.0,0,205
1279.0,0,205
1280.0,0,205
1281.0,0,205
1282.0,0,205
1283.0,0,205
1284.0,0,205
1285.0,0,205
1286.0,0,205
1287.0,0,205
1288.0,0,205
1289.0,0,205
1290.0,0,205
1291.0,0,205
1292.0,0,205
1293.0,0,205
1294.0,0,205
1295.0,0,205
1296.0,0,205
1297.0,0,205
1298.0,0,205
1299.0,0,205
1300.0,0,205
1301.0,0,205
1302.0,0,205
1303.0,0,205
1304.0,0,205
1305.0,0,205
1306.0,0,205
1307.0,0,205
1308.0,0,205
1309.0,0,205
1310.0,0,205
1311.0,0,205
1312.0,0,205
1313.0,0,205
1314.0,0,205
1315.0,0,205
1316.0,0,205
1317.0,0,205
1318.0,0,205
1319.0,0,205
1320.0,0,205
1321.0,0,205
1322.0,0,205
1323.0,0,205
1324.0,0,205
1325.0,0,205
1326.0,0,205
1327.0,0,205
1328.0,0,205
1329.0,0,205
1330.0,0,205
1331.0,0,205
1332.0,0,205
1333.0,0,205
1334.0,0,205
1335.0,0,205
1336.0,0,205
1337.0,0,205
1338.0,0,205
1339.0,0,205
1340.0,0,205
1341.0,0,205
1342.0,0,205
1343.0,0,205
1344.0,0,205
1345.0,0,205
1346.0,0,205
1347.0,0,205
1348.0,0,205
1349.0,0,205
1350.0,0,205
1351.0,0,205
1352.0,0,205
1353.0,0,205
1354.0,0,205
1355.0,0,205
1356.0,0,205
1357.0,0,205
1358.0,0,205
1359.0,0,205
1360.0,0,205
1361.0,0,205
1362.0,0,205
1363.0,0,205
1364.0,0,205
1365.0,0,205
1366.0,0,205
1367.0,0,205
1368.0,0,205
1369.0,0,205
1370.0,0,205
1371.0,0,205
1372.0,0,205
1373.0,0,205
1374.0,0,205
1375.0,0,205
1376.0,0,205
1377.0,0,205
1378.0,0,205
1379.0,0,205
1380.0,0,205
1381.0,0,205
1382.0,0,205
1383.0,0,205
1384.0,0,205
1385.0,0,205
1386.0,0,205
1387.0,0,205
1388.0,0,205
1389.0,0,205
1390.0,0,205
1391.0,0,205
1392.0,0,205
1393.0,0,205
1394.0,0,205
1395.0,0,205
1396.0,0,205
1397.0,0,205
1398.0,0,205
1399.0,0,205
1400.0,0,205
1401.0,0,205
1402.0,0,205
1403.0,0,205
1404.0,0,205
1405.0,0,205
1406.0,0,205
1407.0,0,205
1408.0,0,205
1409.0,0,205
1410.0,0,205
1411.0,0,205
1412.0,0,205
1413.0,0,205
1414.0,0,205
1415.0,0,205
1416.0,0,205
1417.0,0,205
1418.0,0,205
1419.0,0,205
1420.0,0,205
1421.0,0,205
1422.0,0,205
1423.0,0,205
1424.0,0,205
1425.0,0,205
1426.0,0,205
1427.0,0,205
1428.0,0,205
1429.0,0,205
1430.0,0,205
1431.0,0,205
1432.0,0,205
1433.0,0,205
1434.0,0,205
1435.0,0,205
1436.0,0,205
1437.0,0,205
1438.0,0,205
1439.0,0,205
1440.0,0,205
1441.0,0,205
1442.0,0,205
1443.0,0,205
1444.0,0,205
1445.0,0,205
1446.0,0,205
1447.0,0,205
1448.0,0,205
1449.0,0,205
1450.0,0,205
1451.0,0,205
1452.0,0,205
1453.0,0,205
1454.0,0,205
1455.0,0,205
1456.0,0,205
1457.0,0,205
1458.0,0,205
1459.0,0,205
1460.0,0,205
1461.0,0,205
1462.0,0,205
1463.0,0,205
1464.0,0,205
1465.0,0,205
1466.0,0,205
1467.0,0,205
1468.0,0,205
1469.0,0,205
1470.0,0,205
1471.0,0,205
1472.0,0,205
1473.0,0,205
1474.0,0,205
1475.0,0,205
1476.0,0,205
1477.0,0,205
1478.0,0,205
1479.0,0,205
1480.0,0,205
1481.0,0,205
1482.0,0,205
1483.0,0,205
1484.0,0,205
1485.0,0,205
1486.0,0,205
1487.0,0,205
1488.0,0,205
1489.0,0,205
1490.0,0,205
1491.0,0,205
1492.0,0,205
1493.0,0,205
1494.0,0,205
1495.0,0,205
1496.0,0,205
1497.0,0,205
1498.0,0,205
1499.0,0,205
1500.0,0,205
1501.0,0,205
1502.0,0,205
1503.0,0,205
1504.0,0,205
1505.0,0,205
1506.0,0,205
1507.0,0,205
1508.0,0,205
1509.0,0,205
1510.0,0,205
1511.0,0,205
1512.0,0,205
1513.0,0,205
1514.0,0,205
1515.0,0,205
1516.0,0,205
1517.0,0,205
1518.0,0,205
1519.0,0,205
1520.0,0,205
1521.0,0,205
1522.0,0,205
1523.0,0,205
1524.0,0,205
1525.0,0,205
1526.0,0,205
1527.0,0,205
1528.0,0,205
1529.0,0,205
1530.0,0,205
1531.0,0,205
1532.0,0,205
1533.0,0,205
1534.0,0,205
1535.0,0,205
1536.0,0,205
1537.0,0,205
1538.0,0,205
1539.0,0,205
1540.0,0,205
1541.0,0,205
1542.0,0,205
1543.0,0,205
1544.0,0,205
1545.0,0,205
1546.0,0,205
1547.0,0,205
1548.0,0,205
1549.0,0,205
1550.0,0,205
1551.0,0,205
1552.0,0,205
1553.0,0,205
1554.0,0,205
1555.0,0,205
1556.0,0,205
1557.0,0,205
1558.0,0,205
1559.0,0,205
1560.0,0,205
1561.0,0,205
1562.0,0,205
1563.0,0,205
1564.0,0,205
1565.0,0,205
1566.0,0,205
1567.0,0,205
1568.0,0,205
1569.0,0,205
1570.0,0,205
1571.0,0,205
1572.0,0,205
1573.0,0,205
1574.0,0,205
1575.0,0,205
1576.0,0,205
1577.0,0,205
1578.0,0,205
1579.0,0,205
1580.0,0,205
1581.0,0,205
1582.0,0,205
1583.0,0,205
1584.0,0,205
1585.0,0,205
1586.0,0,205
1587.0,0,205
1588.0,0,205
1589.0,0,205
1590.0,0,205
1591.0,0,205
1592.0,0,205
1593.0,0,205
1594.0,0,205
1595.0,0,205
1596.0,0,205
1597.0,0,205
1598.0,0,205
1599.0,0,205
1600.0,0,205
1601.0,0,205
1602.0,0,205
1603.0,0,205
1604.0,0,205
1605.0,0,205
1606.0,0,205
1607.0,0,205
1608.0,0,205
1609.0,0,205
1610.0,0,205
1611.0,0,205
1612.0,0,205
1613.0,0,205
1614.0,0,205
1615.0,0,205
1616.0,0,205
1617.0,0,205
1618.0,0,205
1619.0,0,205
1620.0,0,205
1621.0,0,205
1622.0,0,205
1623.0,0,205
1624.0,0,205
1625.0,0,205
1626.0,0,205
1627.0,0,205
1628.0,0,205
1629.0,0,205
1630.0,0,205
1631.0,0,205
1632.0,0,205
1633.0,0,205
1634.0,0,205
1635.0,0,205
1636.0,0,205
1637.0,0,205
1638.0,0,205
1639.0,0,205
1640.0,0,205
1641.0,0,205
1642.0,0,205
1643.0,0,205
1644.0,0,205
1645.0,0,205
1646.0,0,205
1647.0,0,205
1648.0,0,205
1649.0,0,205
1650.0,0,205
1651.0,0,205
1652.0,0,205
1653.0,0,205
1654.0,0,205
1655.0,0,205
1656.0,0,205
1657.0,0,205
1658.0,0,205
1659.0,0,205
1660.0,0,205
1661.0,0,205
1662.0,0,205
1663.0,0,205
1664.0,0,205
1665.0,0,205
1666.0,0,205
1667.0,0,205
1668.0,0,205
1669.0,0,205
1670.0,0,205
1671.0,0,205
1672.0,0,205
1673.0,0,205
1674.0,0,205
1675.0,0,205
1676.0,0,205
1677.0,0,205
1678.0,0,205
1679.0,0,205
1680.0,0,205
1681.0,0,205
1682.0,0,205
1683.0,0,205
1684.0,0,205
1685.0,0,205
1686.0,0,205
1687.0,0,205
1688.0,0,205
1689.0,0,205
1690.0,0,205
1691.0,0,205
1692.0,0,205
1693.0,0,205
1694.0,0,205
1695.0,0,205
1696.0,0,205
1697.0,0,205
1698.0,0,205
1699.0,0,205
1700.0,0,205
1701.0,0,205
1702.0,0,205
1703.0,0,205
1704.0,0,205
1705.0,0,205
1706.0,0,205
1707.0,0,205
1708.0,0,205
1709.0,0,205
1710.0,0,205
1711.0,0,205
1712.0,0,205
1713.0,0,205
1714.0,0,205
1715.0,0,205
1716.0,0,205
1717.0,0,205
1718.0,0,205
1719.0,0,205
1720.0,0,205
1721.0,0,205
1722.0,0,205
1723.0,0,205
1724.0,0,205
1725.0,0,205
1726.0,0,205
1727.0,0,205
1728.0,0,205
1729.0,0,205
1730.0,0,205
1731.0,0,205
1732.0,0,205
1733.0,0,205
1734.0,0,205
1735.0,0,205
1736.0,0,205
1737.0,0,205
1738.0,0,205
1739.0,0,205
1740.0,0,205
1741.0,0,205
1742.0,0,205
1743.0,0,205
1744.0,0,205
1745.0,0,205
1746.0,0,205
1747.0,0,205
1748.0,0,205
1749.0,0,205
1750.0,0,205
1751.0,0,205
1752.0,0,205
1753.0,0,205
1754.0,0,205
1755.0,0,205
1756.0,0,205
1757.0,0,205
1758.0,0,205
1759.0,0,205
1760.0,0,205
1761.0,0,205
1762.0,0,205
1763.0,0,205
1764.0,0,205
1765.0,0,205
1766.0,0,205
1767.0,0,205
1768.0,0,205
1769.0,0,205
1770.0,0,205
1771.0,0,205
1772.0,0,205
1773.0,0,205
1774.0,0,205
1775.0,0,205
1776.0,0,205
1777.0,0,205
1778.0,0,205
1779.0,0,205
1780.0,0,205
1781.0,0,205
1782.0,0,205
1783.0,0,205
1784.0,0,205
1785.0,0,205
1786.0,0,205
1787.0,0,205
1788.0,0,205
1789.0,0,205
1790.0,0,205
1791.0,0,205
1792.0,0,205
1793.0,0,205
1794.0,0,205
1795.0,0,205
1796.0,0,205
1797.0,0,205
1798.0,0,205
1799.0,0,205
1800.0,0,205
1801.0,0,205
1802.0,0,205
1803.0,0,205
1804.0,0,205
1805.0,0,205
1806.0,0,205
1807.0,0,205
1808.0,0,205
1809.0,0,205
1810.0,0,205
1811.0,0,205
1812.0,0,205
1813.0,0,205
1814.0,0,205
1815.0,0,205
1816.0,0,205
1817.0,0,205
1818.0,0,205
1819.0,0,205
1820.0,0,205
1821.0,0,205
1822.0,0,205
1823.0,0,205
1824.0,0,205
1825.0,0,205
1826.0,0,205
1827.0,0,205
1828.0,0,205
1829.0,0,205
1830.0,0,205
1831.0,0,205
1832.0,0,205
1833.0,0,205
1834.0,0,205
1835.0,0,205
1836.0,0,205
1837.0,0,205
1838.0,0,205
1839.0,0,205
1840.0,0,205
1841.0,0,205
1842.0,0,205
1843.0,0,205
1844.0,0,205
1845.0,0,205
1846.0,0,205
1847.0,0,205
1848.0,0,205
1849.0,0,205
1850.0,0,205
1851.0,0,205
1852.0,0,205
1853.0,0,205
1854.0,0,205
1855.0,0,205
1856.0,0,205
1857.0,0,205
1858.0,0,205
1859.0,0,205
1860.0,0,205
1861.0,0,205
1862.0,0,205
1863.0,0,205
1864.0,0,205
1865.0,0,205
1866.0,0,205
1867.0,0,205
1868.0,0,205
1869.0,0,205
1870.0,0,205
1871.0,0,205
1872.0,0,205
1873.0,0,205
1874.0,0,205
1875.0,0,205
1876.0,0,205
1877.0,0,205
1878.0,0,205
1879.0,0,205
1880.0,0,205
1881.0,0,205
1882.0,0,205
1883.0,0,205
1884.0,0,205
1885.0,0,205
1886.0,0,205
1887.0,0,205
1888.0,0,205
1889.0,0,205
1890.0,0,205
1891.0,0,205
1892.0,0,205
1893.0,0,205
1894.0,0,205
1895.0,0,205
1896.0,0,205
1897.0,0,205
1898.0,0,205
1899.0,0,205
1900.0,0,205
1901.0,0,205
1902.0,0,205
1903.0,0,205
1904.0,0,205
1905.0,0,205
1906.0,0,205
1907.0,0,205
1908.0,0,205
1909.0,0,205
1910.0,0,205
1911.0,0,205
1912.0,0,205
1913.0,0,205
1914.0,0,205
1915.0,0,205
1916.0,0,205
1917.0,0,205
1918.0,0,205
1919.0,0,205
1920.0,0,205
1921.0,0,205
1922.0,0,205
1923.0,0,205
1924.0,0,205
1925.0,0,205
1926.0,0,205
1927.0,0,205
1928.0,0,205
1929.0,0,205
1930.0,0,205
1931.0,0,205
1932.0,0,205
1933.0,0,205
1934.0,0,205
1935.0,0,205
1936.0,0,205
1937.0,0,205
1938.0,0,205
1939.0,0,205
1940.0,0,205
1941.0,0,205
1942.0,0,205
1943.0,0,205
1944.0,0,205
1945.0,0,205
1946.0,0,205
1947.0,0,205
1948.0,0,205
1949.0,0,205
1950.0,0,205
1951.0,0,205
1952.0,0,205
1953.0,0,205
1954.0,0,205
1955.0,0,205
1956.0,0,205
1957.0,0,205
1958.0,0,205
1959.0,0,205
1960.0,0,205
1961.0,0,205
1962.0,0,205
1963.0,0,205
1964.0,0,205
1965.0,0,205
1966.0,0,205
1967.0,0,205
1968.0,0,205
1969.0,0,205
1970.0,0,205
1971.0,0,205
1972.0,0,205
1973.0,0,205
1974.0,0,205
1975.0,0,205
1976.0,0,205
1977.0,0,205
1978.0,0,205
1979.0,0,205
1980.0,0,205
1981.0,0,205
1982.0,0,205
1983.0,0,205
1984.0,0,205
1985.0,0,205
1986.0,0,205
1987.0,0,205
1988.0,0,205
1989.0,0,205
1990.0,0,205
1991.0,0,205
1992.0,0,205
1993.0,0,205
1994.0,0,205
1995.0,0,205
1996.0,0,205
1997.0,0,205
1998.0,0,205
1999.0,0,205
2000.0,0,205
2001.0,0,205
2002.0,0,205
2003.0,0,205
2004.0,0,205
2005.0,0,205
2006.0,0,205
2007.0,0,205
2008.0,0,205
2009.0,0,205
2010.0,0,205
2011.0,0,205
2012.0,0,205
2013.0,0,205
2014.0,0,205
2015.0,0,205
2016.0,0,205
2017.0,0,205
2018.0,0,205
2019.0,0,205
2020.0,0,205
2021.0,0,205
2022.0,0,205
2023.0,0,205
2024.0,0,205
2025.0,0,205
2026.0,0,205
2027.0,0,205
2028.0,0,205
2029.0,0,205
2030.0,0,205
2031.0,0,205
2032.0,0,205
2033.0,0,205
2034.0,0,205
2035.0,0,205
2036.0,0,205
2037.0,0,205
2038.0,0,205
2039.0,0,205
2040.0,0,205
2041.0,0,205
2042.0,0,205
2043.0,0,205
2044.0,0,205
2045.0,0,205
2046.0,0,205
2047.0,0,205
2048.0,0,205
2049.0,0,205
2050.0,0,205
2051.0,0,205
2052.0,0,205
2053.0,0,205
2054.0,0,205
2055.0,0,205
2056.0,0,205
2057.0,0,205
2058.0,0,205
2059.0,0,205
2060.0,0,205
2061.0,0,205
2062.0,0,205
2063.0,0,205
2064.0,0,205
2065.0,0,205
2066.0,0,205
2067.0,0,205
2068.0,0,205
2069.0,0,205
2070.0,0,205
2071.0,0,205
2072.0,0,205
2073.0,0,205
2074.0,0,205
2075.0,0,205
2076.0,0,205
2077.0,0,205
2078.0,0,205
2079.0,0,205
2080.0,0,205
2081.0,0,205
2082.0,0,205
2083.0,0,205
2084.0,0,205
2085.0,0,205
2086.0,0,205
2087.0,0,205
2088.0,0,205
2089.0,0,205
2090.0,0,205
2091.0,0,205
2092.0,0,205
2093.0,0,205
2094.0,0,205
2095.0,0,205
2096.0,0,205
2097.0,0,205
2098.0,0,205
2099.0,0,205
2100.0,0,205
2101.0,0,205
2102.0,0,205
2103.0,0,205
2104.0,0,205
2105.0,0,205
2106.0,0,205
2107.0,0,205
2108.0,0,205
2109.0,0,205
2110.0,0,205
2111.0,0,205
2112.0,0,205
2113.0,0,205
2114.0,0,205
2115.0,0,205
2116.0,0,205
2117.0,0,205
2118.0,0,205
2119.0,0,205
2120.0,0,205
2121.0,0,205
2122.0,0,205
2123.0,0,205
2124.0,0,205
2125.0,0,205
2126.0,0,205
2127.0,0,205
2128.0,0,205
2129.0,0,205
2130.0,0,205
2131.0,0,205
2132.0,0,205
2133.0,0,205
2134.0,0,205
2135.0,0,205
2136.0,0,205
2137.0,0,205
2138.0,0,205
2139.0,0,205
2140.0,0,205
2141.0,0,205
2142.0,0,205
2143.0,0,205
2144.0,0,205
2145.0,0,205
2146.0,0,205
2147.0,0,205
2148.0,0,205
2149.0,0,205
2150.0,0,205
2151.0,0,205
2152.0,0,205
2153.0,0,205
2154.0,0,205
2155.0,0,205
2156.0,0,205
2157.0,0,205
2158.0,0,205
2159.0,0,205
2160.0,0,205
2161.0,0,205
2162.0,0,205
2163.0,0,205
2164.0,0,205
2165.0,0,205
2166.0,0,205
2167.0,0,205
2168.0,0,205
2169.0,0,205
2170.0,0,205
2171.0,0,205
2172.0,0,205
2173.0,0,205
2174.0,0,205
2175.0,0,205
2176.0,0,205
2177.0,0,205
2178.0,0,205
2179.0,0,205
2180.0,0,205
2181.0,0,205
2182.0,0,205
2183.0,0,205
2184.0,0,205
2185.0,0,205
2186.0,0,205
2187.0,0,205
2188.0,0,205
2189.0,0,205
2190.0,0,205
2191.0,0,205
2192.0,0,205
2193.0,0,205
2194.0,0,205
2195.0,0,205
2196.0,0,205
2197.0,0,205
2198.0,0,205
2199.0,0,205
2200.0,0,205
2201.0,0,205
2202.0,0,205
2203.0,0,205
2204.0,0,205
2205.0,0,205
2206.0,0,205
2207.0,0,205
2208.0,0,205
2209.0,0,205
2210.0,0,205
2211.0,0,205
2212.0,0,205
2213.0,0,205
2214.0,0,205
2215.0,0,205
2216.0,0,205
2217.0,0,205
2218.0,0,205
2219.0,0,205
2220.0,0,205
2221.0,0,205
2222.0,0,205
2223.0,0,205
2224.0,0,205
2225.0,0,205
2226.0,0,205
2227.0,0,205
2228.0,0,205
2229.0,0,205
2230.0,0,205
2231.0,0,205
2232.0,0,205
2233.0,0,205
2234.0,0,205
2235.0,0,205
2236.0,0,205
2237.0,0,205
2238.0,0,205
2239.0,0,205
2240.0,0,205
2241.0,0,205
2242.0,0,205
2243.0,0,205
2244.0,0,205
2245.0,0,205
2246.0,0,205
2247.0,0,205
2248.0,0,205
2249.0,0,205
2250.0,0,205
2251.0,0,205
2252.0,0,205
2253.0,0,205
2254.0,0,205
2255.0,0,205
2256.0,0,205
2257.0,0,205
2258.0,0,205
2259.0,0,205
2260.0,0,205
2261.0,0,205
2262.0,0,205
2263.0,0,205
2264.0,0,205
2265.0,0,205
2266.0,0,205
2267.0,0,205
2268.0,0,205
2269.0,0,205
2270.0,0,205
2271.0,0,205
2272.0,0,205
2273.0,0,205
2274.0,0,205
2275.0,0,205
2276.0,0,205
2277.0,0,205
2278.0,0,205
2279.0,0,205
2280.0,0,205
2281.0,0,205
2282.0,0,205
2283.0,0,205
2284.0,0,205
2285.0,0,205
2286.0,0,205
2287.0,0,205
2288.0,0,205
2289.0,0,205
2290.0,0,205
2291.0,0,205
2292.0,0,205
2293.0,0,205
2294.0,0,205
2295.0,0,205
2296.0,0,205
2297.0,0,205
2298.0,0,205
2299.0,0,205
2300.0,0,205
2301.0,0,205
2302.0,0,205
2303.0,0,205
2304.0,0,205
2305.0,0,205
2306.0,0,205
2307.0,0,205
2308.0,0,205
2309.0,0,205
2310.0,0,205
2311.0,0,205
2312.0,0,205
2313.0,0,205
2314.0,0,205
2315.0,0,205
2316.0,0,205
2317.0,0,205
2318.0,0,205
2319.0,0,205
2320.0,0,205
2321.0,0,205
2322.0,0,205
2323.0,0,205
2324.0,0,205
2325.0,0,205
2326.0,0,205
2327.0,0,205
2328.0,0,205
2329.0,0,205
2330.0,0,205
2331.0,0,205
2332.0,0,205
2333.0,0,205
2334.0,0,205
2335.0,0,205
2336.0,0,205
2337.0,0,205
2338.0,0,205
2339.0,0,205
2340.0,0,205
2341.0,0,205
2342.0,0,205
2343.0,0,205
2344.0,0,205
2345.0,0,205
2346.0,0,205
2347.0,0,205
2348.0,0,205
2349.0,0,205
2350.0,0,205
2351.0,0,205
2352.0,0,205
2353.0,0,205
2354.0,0,205
2355.0,0,205
2356.0,0,205
2357.0,0,205
2358.0,0,205
2359.0,0,205
2360.0,0,205
2361.0,0,205
2362.0,0,205
2363.0,0,205
2364.0,0,205
2365.0,0,205
2366.0,0,205
2367.0,0,205
2368.0,0,205
2369.0,0,205
2370.0,0,205
2371.0,0,205
2372.0,0,205
2373.0,0,205
2374.0,0,205
2375.0,0,205
2376.0,0,205
2377.0,0,205
2378.0,0,205
2379.0,0,205
2380.0,0,205
2381.0,0,205
2382.0,0,205
2383.0,0,205
2384.0,0,205
2385.0,0,205
2386.0,0,205
2387.0,0,205
2388.0,0,205
2389.0,0,205
2390.0,0,205
2391.0,0,205
2392.0,0,205
2393.0,0,205
2394.0,0,205
2395.0,0,205
2396.0,0,205
2397.0,0,205
2398.0,0,205
2399.0,0,205
2400.0,0,205
2401.0,0,205
2402.0,0,205
2403.0,0,205
2404.0,0,205
2405.0,0,205
2406.0,0,205
2407.0,0,205
2408.0,0,205
2409.0,0,205
2410.0,0,205
2411.0,0,205
2412.0,0,205
2413.0,0,205
2414.0,0,205
2415.0,0,205
2416.0,0,205
2417.0,0,205
2418.0,0,205
2419.0,0,205
2420.0,0,205
2421.0,0,205
2422.0,0,205
2423.0,0,205
2424.0,0,205
2425.0,0,205
2426.0,0,205
2427.0,0,205
2428.0,0,205
2429.0,0,205
2430.0,0,205
2431.0,0,205
2432.0,0,205
2433.0,0,205
2434.0,0,205
2435.0,0,205
2436.0,0,205
2437.0,0,205
2438.0,0,205
2439.0,0,205
2440.0,0,205
2441.0,0,205
2442.0,0,205
2443.0,0,205
2444.0,0,205
2445.0,0,205
2446.0,0,205
2447.0,0,205
2448.0,0,205
2449.0,0,205
2450.0,0,205
2451.0,0,205
2452.0,0,205
2453.0,0,205
2454.0,0,205
2455.0,0,205
2456.0,0,205
2457.0,0,205
2458.0,0,205
2459.0,0,205
2460.0,0,205
2461.0,0,205
2462.0,0,205
2463.0,0,205
2464.0,0,205
2465.0,0,205
2466.0,0,205
2467.0,0,205
2468.0,0,205
2469.0,0,205
2470.0,0,205
2471.0,0,205
2472.0,0,205
2473.0,0,205
2474.0,0,205
2475.0,0,205
2476.0,0,205
2477.0,0,205
2478.0,0,205
2479.0,0,205
2480.0,0,205
2481.0,0,205
2482.0,0,205
2483.0,0,205
2484.0,0,205
2485.0,0,205
2486.0,0,205
2487.0,0,205
2488.0,0,205
2489.0,0,205
2490.0,0,205
2491.0,0,205
2492.0,0,205
2493.0,0,205
2494.0,0,205
2495.0,0,205
2496.0,0,205
2497.0,0,205
2498.0,0,205
2499.0,0,205
2500.0,0,205
2501.0,0,205
2502.0,0,205
2503.0,0,205
2504.0,0,205
2505.0,0,205
2506.0,0,205
2507.0,0,205
2508.0,0,205
2509.0,0,205
2510.0,0,205
2511.0,0,205
2512.0,0,205
2513.0,0,205
2514.0,0,205
2515.0,0,205
2516.0,0,205
2517.0,0,205
2518.0,0,205
2519.0,0,205
2520.0,0,205
2521.0,0,205
2522.0,0,205
2523.0,0,205
2524.0,0,205
2525.0,0,205
2526.0,0,205
2527.0,0,205
2528.0,0,205
2529.0,0,205
2530.0,0,205
2531.0,0,205
2532.0,0,205
2533.0,0,205
2534.0,0,205
2535.0,0,205
2536.0,0,205
2537.0,0,205
2538.0,0,205
2539.0,0,205
2540.0,0,205
2541.0,0,205
2542.0,0,205
2543.0,0,205
2544.0,0,205
2545.0,0,205
2546.0,0,205
2547.0,0,205
2548.0,0,205
2549.0,0,205
2550.0,0,205
2551.0,0,205
2552.0,0,205
2553.0,0,205
2554.0,0,205
2555.0,0,205
2556.0,0,205
2557.0,0,205
2558.0,0,205
2559.0,0,205
2560.0,0,205
2561.0,0,205
2562.0,0,205
2563.0,0,205
2564.0,0,205
2565.0,0,205
2566.0,0,205
2567.0,0,205
2568.0,0,205
2569.0,0,205
2570.0,0,205
2571.0,0,205
2572.0,0,205
2573.0,0,205
2574.0,0,205
2575.0,0,205
2576.0,0,205
2577.0,0,205
2578.0,0,205
2579.0,0,205
2580.0,0,205
2581.0,0,205
2582.0,0,205
2583.0,0,205
2584.0,0,205
2585.0,0,205
2586.0,0,205
2587.0,0,205
2588.0,0,205
2589.0,0,205
2590.0,0,205
2591.0,0,205
2592.0,0,205
2593.0,0,205
2594.0,0,205
2595.0,0,205
2596.0,0,205
2597.0,0,205
2598.0,0,205
2599.0,0,205
2600.0,0,205
2601.0,0,205
2602.0,0,205
2603.0,0,205
2604.0,0,205
2605.0,0,205
2606.0,0,205
2607.0,0,205
2608.0,0,205
2609.0,0,205
2610.0,0,205
2611.0,0,205
2612.0,0,205
2613.0,0,205
2614.0,0,205
2615.0,0,205
2616.0,0,205
2617.0,0,205
2618.0,0,205
2619.0,0,205
2620.0,0,205
2621.0,0,205
2622.0,0,205
2623.0,0,205
2624.0,0,205
2625.0,0,205
2626.0,0,205
2627.0,0,205
2628.0,0,205
2629.0,0,205
2630.0,0,205
2631.0,0,205
2632.0,0,205
2633.0,0,205
2634.0,0,205
2635.0,0,205
2636.0,0,205
2637.0,0,205
2638.0,0,205
2639.0,0,205
2640.0,0,205
2641.0,0,205
2642.0,0,205
2643.0,0,205
2644.0,0,205
2645.0,0,205
2646.0,0,205
2647.0,0,205
2648.0,0,205
2649.0,0,205
2650.0,0,205
2651.0,0,205
2652.0,0,205
2653.0,0,205
2654.0,0,205
2655.0,0,205
2656.0,0,205
2657.0,0,205
2658.0,0,205
2659.0,0,205
2660.0,0,205
2661.0,0,205
2662.0,0,205
2663.0,0,205
2664.0,0,205
2665.0,0,205
2666.0,0,205
2667.0,0,205
2668.0,0,205
2669.0,0,205
2670.0,0,205
2671.0,0,205
2672.0,0,205
2673.0,0,205
2674.0,0,205
2675.0,0,205
2676.0,0,205
2677.0,0,205
2678.0,0,205
2679.0,0,205
2680.0,0,205
2681.0,0,205
2682.0,0,205
2683.0,0,205
2684.0,0,205
2685.0,0,205
2686.0,0,205
2687.0,0,205
2688.0,0,205
2689.0,0,205
2690.0,0,205
2691.0,0,205
2692.0,0,205
2693.0,0,205
2694.0,0,205
2695.0,0,205
2696.0,0,205
2697.0,0,205
2698.0,0,205
2699.0,0,205
2700.0,0,205
2701.0,0,205
2702.0,0,205
2703.0,0,205
2704.0,0,205
2705.0,0,205
2706.0,0,205
2707.0,0,205
2708.0,0,205
2709.0,0,205
2710.0,0,205
2711.0,0,205
2712.0,0,205
2713.0,0,205
2714.0,0,205
2715.0,0,205
2716.0,0,205
2717.0,0,205
2718.0,0,205
2719.0,0,205
2720.0,0,205
2721.0,0,205
2722.0,0,205
2723.0,0,205
2724.0,0,205
2725.0,0,205
2726.0,0,205
2727.0,0,205
2728.0,0,205
2729.0,0,205
2730.0,0,205
2731.0,0,205
2732.0,0,205
2733.0,0,205
2734.0,0,205
2735.0,0,205
2736.0,0,205
2737.0,0,205
2738.0,0,205
2739.0,0,205
2740.0,0,205
2741.0,0,205
2742.0,0,205
2743.0,0,205
2744.0,0,205
2745.0,0,205
2746.0,0,205
2747.0,0,205
2748.0,0,205
2749.0,0,205
2750.0,0,205
2751.0,0,205
2752.0,0,205
2753.0,0,205
2754.0,0,205
2755.0,0,205
2756.0,0,205
2757.0,0,205
2758.0,0,205
2759.0,0,205
2760.0,0,205
2761.0,0,205
2762.0,0,205
2763.0,0,205
2764.0,0,205
2765.0,0,205
2766.0,0,205
2767.0,0,205
2768.0,0,205
2769.0,0,205
2770.0,0,205
2771.0,0,205
2772.0,0,205
2773.0,0,205
2774.0,0,205
2775.0,0,205
2776.0,0,205
2777.0,0,205
2778.0,0,205
2779.0,0,205
2780.0,0,205
2781.0,0,205
2782.0,0,205
2783.0,0,205
2784.0,0,205
2785.0,0,205
2786.0,0,205
2787.0,0,205
2788.0,0,205
2789.0,0,205
2790.0,0,205
2791.0,0,205
2792.0,0,205
2793.0,0,205
2794.0,0,205
2795.0,0,205
2796.0,0,205
2797.0,0,205
2798.0,0,205
2799.0,0,205
2800.0,0,205
2801.0,0,205
2802.0,0,205
2803.0,0,205
2804.0,0,205
2805.0,0,205
2806.0,0,205
2807.0,0,205
2808.0,0,205
2809.0,0,205
2810.0,0,205
2811.0,0,205
2812.0,0,205
2813.0,0,205
2814.0,0,205
2815.0,0,205
2816.0,0,205
2817.0,0,205
2818.0,0,205
2819.0,0,205
2820.0,0,205
2821.0,0,205
2822.0,0,205
2823.0,0,205
2824.0,0,205
2825.0,0,205
2826.0,0,205
2827.0,0,205
2828.0,0,205
2829.0,0,205
2830.0,0,205
2831.0,0,205
2832.0,0,205
2833.0,0,205
2834.0,0,205
2835.0,0,205
2836.0,0,205
2837.0,0,205
2838.0,0,205
2839.0,0,205
2840.0,0,205
2841.0,0,205
2842.0,0,205
2843.0,0,205
2844.0,0,205
2845.0,0,205
2846.0,0,205
2847.0,0,205
2848.0,0,205
2849.0,0,205
2850.0,0,205
2851.0,0,205
2852.0,0,205
2853.0,0,205
2854.0,0,205
2855.0,0,205
2856.0,0,205
2857.0,0,205
2858.0,0,205
2859.0,0,205
2860.0,0,205
2861.0,0,205
2862.0,0,205
2863.0,0,205
2864.0,0,205
2865.0,0,205
2866.0,0,205
2867.0,0,205
2868.0,0,205
2869.0,0,205
2870.0,0,205
2871.0,0,205
2872.0,0,205
2873.0,0,205
2874.0,0,205
2875.0,0,205
2876.0,0,205
2877.0,0,205
2878.0,0,205
2879.0,0,205
2880.0,0,205
2881.0,0,205
2882.0,0,205
2883.0,0,205
2884.0,0,205
2885.0,0,205
2886.0,0,205
2887.0,0,205
2888.0,0,205
2889.0,0,205
2890.0,0,205
2891.0,0,205
2892.0,0,205
2893.0,0,205
2894.0,0,205
2895.0,0,205
2896.0,0,205
2897.0,0,205
2898.0,0,205
2899.0,0,205
2900.0,0,205
2901.0,0,205
2902.0,0,205
2903.0,0,205
2904.0,0,205
2905.0,0,205
2906.0,0,205
2907.0,0,205
2908.0,0,205
2909.0,0,205
2910.0,0,205
2911.0,0,205
2912.0,0,205
2913.0,0,205
2914.0,0,205
2915.0,0,205
2916.0,0,205
2917.0,0,205
2918.0,0,205
2919.0,0,205
2920.0,0,205
2921.0,0,205
2922.0,0,205
2923.0,0,205
2924.0,0,205
2925.0,0,205
2926.0,0,205
2927.0,0,205
2928.0,0,205
2929.0,0,205
2930.0,0,205
2931.0,0,205
2932.0,0,205
2933.0,0,205
2934.0,0,205
2935.0,0,205
2936.0,0,205
2937.0,0,205
2938.0,0,205
2939.0,0,205
2940.0,0,205
2941.0,0,205
2942.0,0,205
2943.0,0,205
2944.0,0,205
2945.0,0,205
2946.0,0,205
2947.0,0,205
2948.0,0,205
2949.0,0,205
2950.0,0,205
2951.0,0,205
2952.0,0,205
2953.0,0,205
2954.0,0,205
2955.0,0,205
2956.0,0,205
2957.0,0,205
2958.0,0,205
2959.0,0,205
2960.0,0,205
2961.0,0,205
2962.0,0,205
2963.0,0,205
2964.0,0,205
2965.0,0,205
2966.0,0,205
2967.0,0,205
2968.0,0,205
2969.0,0,205
2970.0,0,205
2971.0,0,205
2972.0,0,205
2973.0,0,205
2974.0,0,205
2975.0,0,205
2976.0,0,205
2977.0,0,205
2978.0,0,205
2979.0,0,205
2980.0,0,205
2981.0,0,205
2982.0,0,205
2983.0,0,205
2984.0,0,205
2985.0,0,205
2986.0,0,205
2987.0,0,205
2988.0,0,205
2989.0,0,205
2990.0,0,205
2991.0,0,205
2992.0,0,205
2993.0,0,205
2994.0,0,205
2995.0,0,205
2996.0,0,205
2997.0,0,205
2998.0,0,205
2999.0,0,205
3000.0,0,205
3001.0,0,205
3002.0,0,205
3003.0,0,205
3004.0,0,205
3005.0,0,205
3006.0,0,205
3007.0,0,205
3008.0,0,205
3009.0,0,205
3010.0,0,205
3011.0,0,205
3012.0,0,205
3013.0,0,205
3014.0,0,205
3015.0,0,205
3016.0,0,205
3017.0,0,205
3018.0,0,205
3019.0,0,205
3020.0,0,205
3021.0,0,205
3022.0,0,205
3023.0,0,205
3024.0,0,205
3025.0,0,205
3026.0,0,205
3027.0,0,205
3028.0,0,205
3029.0,0,205
3030.0,0,205
3031.0,0,205
3032.0,0,205
3033.0,0,205
3034.0,0,205
3035.0,0,205
3036.0,0,205
3037.0,0,205
3038.0,0,205
3039.0,0,205
3040.0,0,205
3041.0,0,205
3042.0,0,205
3043.0,0,205
3044.0,0,205
3045.0,0,205
3046.0,0,205
3047.0,0,205
3048.0,0,205
3049.0,0,205
3050.0,0,205
3051.0,0,205
3052.0,0,205
3053.0,0,205
3054.0,0,205
3055.0,0,205
3056.0,0,205
3057.0,0,205
3058.0,0,205
3059.0,0,205
3060.0,0,205
3061.0,0,205
3062.0,0,205
3063.0,0,205
3064.0,0,205
3065.0,0,205
3066.0,0,205
3067.0,0,205
3068.0,0,205
3069.0,0,205
3070.0,0,205
3071.0,0,205
3072.0,0,205
3073.0,0,205
3074.0,0,205
3075.0,0,205
3076.0,0,205
3077.0,0,205
3078.0,0,205
3079.0,0,205
3080.0,0,205
3081.0,0,205
3082.0,0,205
3083.0,0,205
3084.0,0,205
3085.0,0,205
3086.0,0,205
3087.0,0,205
3088.0,0,205
3089.0,0,205
3090.0,0,205
3091.0,0,205
3092.0,0,205
3093.0,0,205
3094.0,0,205
3095.0,0,205
3096.0,0,205
3097.0,0,205
3098.0,0,205
3099.0,0,205
3100.0,0,205
3101.0,0,205
3102.0,0,205
3103.0,0,205
3104.0,0,205
3105.0,0,205
3106.0,0,205
3107.0,0,205
3108.0,0,205
3109.0,0,205
3110.0,0,205
3111.0,0,205
3112.0,0,205
3113.0,0,205
3114.0,0,205
3115.0,0,205
3116.0,0,205
3117.0,0,205
3118.0,0,205
3119.0,0,205
3120.0,0,205
3121.0,0,205
3122.0,0,205
3123.0,0,205
3124.0,0,205
3125.0,0,205
3126.0,0,205
3127.0,0,205
3128.0,0,205
3129.0,0,205
3130.0,0,205
3131.0,0,205
3132.0,0,205
3133.0,0,205
3134.0,0,205
3135.0,0,205
3136.0,0,205
3137.0,0,205
3138.0,0,205
3139.0,0,205
3140.0,0,205
3141.0,0,205
3142.0,0,205
3143.0,0,205
3144.0,0,205
3145.0,0,205
3146.0,0,205
3147.0,0,205
3148.0,0,205
3149.0,0,205
3150.0,0,205
3151.0,0,205
3152.0,0,205
3153.0,0,205
3154.0,0,205
3155.0,0,205
3156.0,0,205
3157.0,0,205
3158.0,0,205
3159.0,0,205
3160.0,0,205
3161.0,0,205
3162.0,0,205
3163.0,0,205
3164.0,0,205
3165.0,0,205
3166.0,0,205
3167.0,0,205
3168.0,0,205
3169.0,0,205
3170.0,0,205
3171.0,0,205
3172.0,0,205
3173.0,0,205
3174.0,0,205
3175.0,0,205
3176.0,0,205
3177.0,0,205
3178.0,0,205
3179.0,0,205
3180.0,0,205
3181.0,0,205
3182.0,0,205
3183.0,0,205
3184.0,0,205
3185.0,0,205
3186.0,0,205
3187.0,0,205
3188.0,0,205
3189.0,0,205
3190.0,0,205
3191.0,0,205
3192.0,0,205
3193.0,0,205
3194.0,0,205
3195.0,0,205
3196.0,0,205
3197.0,0,205
3198.0,0,205
3199.0,0,205
3200.0,0,205
3201.0,0,205
3202.0,0,205
3203.0,0,205
3204.0,0,205
3205.0,0,205
3206.0,0,205
3207.0,0,205
3208.0,0,205
3209.0,0,205
3210.0,0,205
3211.0,0,205
3212.0,0,205
3213.0,0,205
3214.0,0,205
3215.0,0,205
3216.0,0,205
3217.0,0,205
3218.0,0,205
3219.0,0,205
3220.0,0,205
3221.0,0,205
3222.0,0,205
3223.0,0,205
3224.0,0,205
3225.0,0,205
3226.0,0,205
3227.0,0,205
3228.0,0,205
3229.0,0,205
3230.0,0,205
3231.0,0,205
3232.0,0,205
3233.0,0,205
3234.0,0,205
3235.0,0,205
3236.0,0,205
3237.0,0,205
3238.0,0,205
3239.0,0,205
3240.0,0,205
3241.0,0,205
3242.0,0,205
3243.0,0,205
3244.0,0,205
3245.0,0,205
3246.0,0,205
3247.0,0,205
3248.0,0,205
3249.0,0,205
3250.0,0,205
3251.0,0,205
3252.0,0,205
3253.0,0,205
3254.0,0,205
3255.0,0,205
3256.0,0,205
3257.0,0,205
3258.0,0,205
3259.0,0,205
3260.0,0,205
3261.0,0,205
3262.0,0,205
3263.0,0,205
3264.0,0,205
3265.0,0,205
3266.0,0,205
3267.0,0,205
3268.0,0,205
3269.0,0,205
3270.0,0,205
3271.0,0,205
3272.0,0,205
3273.0,0,205
3274.0,0,205
3275.0,0,205
3276.0,0,205
3277.0,0,205
3278.0,0,205
3279.0,0,205
3280.0,0,205
3281.0,0,205
3282.0,0,205
3283.0,0,205
3284.0,0,205
3285.0,0,205
3286.0,0,205
3287.0,0,205
3288.0,0,205
3289.0,0,205
3290.0,0,205
3291.0,0,205
3292.0,0,205
3293.0,0,205
3294.0,0,205
3295.0,0,205
3296.0,0,205
3297.0,0,205
3298.0,0,205
3299.0,0,205
3300.0,0,205
3301.0,0,205
3302.0,0,205
3303.0,0,205
3304.0,0,205
3305.0,0,205
3306.0,0,205
3307.0,0,205
3308.0,0,205
3309.0,0,205
3310.0,0,205
3311.0,0,205
3312.0,0,205
3313.0,0,205
3314.0,0,205
3315.0,0,205
3316.0,0,205
3317.0,0,205
3318.0,0,205
3319.0,0,205
3320.0,0,205
3321.0,0,205
3322.0,0,205
3323.0,0,205
3324.0,0,205
3325.0,0,205
3326.0,0,205
3327.0,0,205
3328.0,0,205
3329.0,0,205
3330.0,0,205
3331.0,0,205
3332.0,0,205
3333.0,0,205
3334.0,0,205
3335.0,0,205
3336.0,0,205
3337.0,0,205
3338.0,0,205
3339.0,0,205
3340.0,0,205
3341.0,0,205
3342.0,0,205
3343.0,0,205
3344.0,0,205
3345.0,0,205
3346.0,0,205
3347.0,0,205
3348.0,0,205
3349.0,0,205
3350.0,0,205
3351.0,0,205
3352.0,0,205
3353.0,0,205
3354.0,0,205
3355.0,0,205
3356.0,0,205
3357.0,0,205
3358.0,0,205
3359.0,0,205
3360.0,0,205
3361.0,0,205
3362.0,0,205
3363.0,0,205
3364.0,0,205
3365.0,0,205
3366.0,0,205
3367.0,0,205
3368.0,0,205
3369.0,0,205
3370.0,0,205
3371.0,0,205
3372.0,0,205
3373.0,0,205
3374.0,0,205
3375.0,0,205
3376.0,0,205
3377.0,0,205
3378.0,0,205
3379.0,0,205
3380.0,0,205
3381.0,0,205
3382.0,0,205
3383.0,0,205
3384.0,0,205
3385.0,0,205
3386.0,0,205
3387.0,0,205
3388.0,0,205
3389.0,0,205
3390.0,0,205
3391.0,0,205
3392.0,0,205
3393.0,0,205
3394.0,0,205
3395.0,0,205
3396.0,0,205
3397.0,0,205
3398.0,0,205
3399.0,0,205
3400.0,0,205
3401.0,0,205
3402.0,0,205
3403.0,0,205
3404.0,0,205
3405.0,0,205
3406.0,0,205
3407.0,0,205
3408.0,0,205
3409.0,0,205
3410.0,0,205
3411.0,0,205
3412.0,0,205
3413.0,0,205
3414.0,0,205
3415.0,0,205
3416.0,0,205
3417.0,0,205
3418.0,0,205
3419.0,0,205
3420.0,0,205
3421.0,0,205
3422.0,0,205
3423.0,0,205
3424.0,0,205
3425.0,0,205
3426.0,0,205
3427.0,0,205
3428.0,0,205
3429.0,0,205
3430.0,0,205
3431.0,0,205
3432.0,0,205
3433.0,0,205
3434.0,0,205
3435.0,0,205
3436.0,0,205
3437.0,0,205
3438.0,0,205
3439.0,0,205
3440.0,0,205
3441.0,0,205
3442.0,0,205
3443.0,0,205
3444.0,0,205
3445.0,0,205
3446.0,0,205
3447.0,0,205
3448.0,0,205
3449.0,0,205
3450.0,0,205
3451.0,0,205
3452.0,0,205
3453.0,0,205
3454.0,0,205
3455.0,0,205
3456.0,0,205
3457.0,0,205
3458.0,0,205
3459.0,0,205
3460.0,0,205
3461.0,0,205
3462.0,0,205
3463.0,0,205
3464.0,0,205
3465.0,0,205
3466.0,0,205
3467.0,0,205
3468.0,0,205
3469.0,0,205
3470.0,0,205
3471.0,0,205
3472.0,0,205
3473.0,0,205
3474.0,0,205
3475.0,0,205
3476.0,0,205
3477.0,0,205
3478.0,0,205
3479.0,0,205
3480.0,0,205
3481.0,0,205
3482.0,0,205
3483.0,0,205
3484.0,0,205
3485.0,0,205
3486.0,0,205
3487.0,0,205
3488.0,0,205
3489.0,0,205
3490.0,0,205
3491.0,0,205
3492.0,0,205
3493.0,0,205
3494.0,0,205
3495.0,0,205
3496.0,0,205
3497.0,0,205
3498.0,0,205
3499.0,0,205
3500.0,0,205
3501.0,0,205
3502.0,0,205
3503.0,0,205
3504.0,0,205
3505.0,0,205
3506.0,0,205
3507.0,0,205
3508.0,0,205
3509.0,0,205
3510.0,0,205
3511.0,0,205
3512.0,0,205
3513.0,0,205
3514.0,0,205
3515.0,0,205
3516.0,0,205
3517.0,0,205
3518.0,0,205
3519.0,0,205
3520.0,0,205
3521.0,0,205
3522.0,0,205
3523.0,0,205
3524.0,0,205
3525.0,0,205
3526.0,0,205
3527.0,0,205
3528.0,0,205
3529.0,0,205
3530.0,0,205
3531.0,0,205
3532.0,0,205
3533.0,0,205
3534.0,0,205
3535.0,0,205
3536.0,0,205
3537.0,0,205
3538.0,0,205
3539.0,0,205
3540.0,0,205
3541.0,0,205
3542.0,0,205
3543.0,0,205
3544.0,0,205
3545.0,0,205
3546.0,0,205
3547.0,0,205
3548.0,0,205
3549.0,0,205
3550.0,0,205
3551.0,0,205
3552.0,0,205
3553.0,0,205
3554.0,0,205
3555.0,0,205
3556.0,0,205
3557.0,0,205
3558.0,0,205
3559.0,0,205
3560.0,0,205
3561.0,0,205
3562.0,0,205
3563.0,0,205
3564.0,0,205
3565.0,0,205
3566.0,0,205
3567.0,0,205
3568.0,0,205
3569.0,0,205
3570.0,0,205
3571.0,0,205
3572.0,0,205
3573.0,0,205
3574.0,0,205
3575.0,0,205
3576.0,0,205
3577.0,0,205
3578.0,0,205
3579.0,0,205
3580.0,0,205
3581.0,0,205
3582.0,0,205
3583.0,0,205
3584.0,0,205
3585.0,0,205
3586.0,0,205
3587.0,0,205
3588.0,0,205
3589.0,0,205
3590.0,0,205
3591.0,0,205
3592.0,0,205
3593.0,0,205
3594.0,0,205
3595.0,0,205
3596.0,0,205
3597.0,0,205
3598.0,0,205
3599.0,0,205
3600.0,0,205
3601.0,0,205
3602.0,0,205
3603.0,0,205
3604.0,0,205
3605.0,0,205
3606.0,0,205
3607.0,0,205
3608.0,0,205
3609.0,0,205
3610.0,0,205
3611.0,0,205
3612.0,0,205
3613.0,0,205
3614.0,0,205
3615.0,0,205
3616.0,0,205
3617.0,0,205
3618.0,0,205
3619.0,0,205
3620.0,0,205
3621.0,0,205
3622.0,0,205
3623.0,0,205
3624.0,0,205
3625.0,0,205
3626.0,0,205
3627.0,0,205
3628.0,0,205
3629.0,0,205
3630.0,0,205
3631.0,0,205
3632.0,0,205
3633.0,0,205
3634.0,0,205
3635.0,0,205
3636.0,0,205
3637.0,0,205
3638.0,0,205
3639.0,0,205
3640.0,0,205
3641.0,0,205
3642.0,0,205
3643.0,0,205
3644.0,0,205
3645.0,0,205
3646.0,0,205
3647.0,0,205
3648.0,0,205
3649.0,0,205
3650.0,0,205
3651.0,0,205
3652.0,0,205
3653.0,0,205
3654.0,0,205
3655.0,0,205
3656.0,0,205
3657.0,0,205
3658.0,0,205
3659.0,0,205
3660.0,0,205
3661.0,0,205
3662.0,0,205
3663.0,0,205
3664.0,0,205
3665.0,0,205
3666.0,0,205
3667.0,0,205
3668.0,0,205
3669.0,0,205
3670.0,0,205
3671.0,0,205
3672.0,0,205
3673.0,0,205
3674.0,0,205
3675.0,0,205
3676.0,0,205
3677.0,0,205
3678.0,0,205
3679.0,0,205
3680.0,0,205
3681.0,0,205
3682.0,0,205
3683.0,0,205
3684.0,0,205
3685.0,0,205
3686.0,0,205
3687.0,0,205
3688.0,0,205
3689.0,0,205
3690.0,0,205
3691.0,0,205
3692.0,0,205
3693.0,0,205
